4.500000 0.000000 2.200000
4.464516 0.564000 2.200000
4.358624 1.119105 2.200000
4.183994 1.656561 2.200000
3.943380 2.167892 2.200000
3.640576 2.645034 2.200000
3.280359 3.080462 2.200000
2.868408 3.467309 2.200000
2.411221 3.799476 2.200000
1.916007 4.071722 2.200000
1.390576 4.279754 2.200000
0.843216 4.420293 2.200000
0.282557 4.491120 2.200000
-0.282557 4.491120 2.200000
-0.843216 4.420293 2.200000
-1.390576 4.279754 2.200000
-1.916007 4.071722 2.200000
-2.411221 3.799476 2.200000
-2.868408 3.467309 2.200000
-3.280359 3.080462 2.200000
-3.640576 2.645034 2.200000
-3.943380 2.167892 2.200000
-4.183994 1.656561 2.200000
-4.358624 1.119105 2.200000
-4.464516 0.564000 2.200000
-4.500000 0.000000 2.200000
-4.464516 -0.564000 2.200000
-4.358624 -1.119105 2.200000
-4.183994 -1.656561 2.200000
-3.943380 -2.167892 2.200000
-3.640576 -2.645034 2.200000
-3.280359 -3.080462 2.200000
-2.868408 -3.467309 2.200000
-2.411221 -3.799476 2.200000
-1.916007 -4.071722 2.200000
-1.390576 -4.279754 2.200000
-0.843216 -4.420293 2.200000
-0.282557 -4.491120 2.200000
0.282557 -4.491120 2.200000
0.843216 -4.420293 2.200000
1.390576 -4.279754 2.200000
1.916007 -4.071722 2.200000
2.411221 -3.799476 2.200000
2.868408 -3.467309 2.200000
3.280359 -3.080462 2.200000
3.640576 -2.645034 2.200000
3.943380 -2.167892 2.200000
4.183994 -1.656561 2.200000
4.358624 -1.119105 2.200000
4.464516 -0.564000 2.200000
