0.57432484
1.21558159
-2.58757097
1.29640228
1.94484442
-2.06611964
1.58335519
0.34628919
-2.87747647
-1.42024085
1.53412674
-1.93833803
-2.48325503
1.43369962
-1.74422766
-3.32779974
2.50028925
-2.05145185
-4.85955028
0.80444743
-0.41903364
-5.60329159
1.67032236
-0.54849472
-6.30568191
1.51398307
-0.36425941
-6.42569129
1.90472436
0.39522209
-6.43068522
3.05687781
0.24096447
-6.32545650
2.99689155
-0.23712417
-6.47908595
2.78143388
0.59026226
-8.09916942
1.36954353
0.86839928
5.36418907
-8.37864519
8.27354300
5.55038092
-8.18979663
8.97598486
2.78762102
-9.25390847
9.46338975
0.56954800
-9.51188696
8.47871421
-2.13887102
-9.54453671
4.45860209
-6.04176153
-7.42002308
4.98213275
6.97958095
3.64857300
0.68120191
4.39990390
-7.42784815
1.71311196
-4.23856921
-7.20619396
1.86353044
8.70432169
-3.31248806
3.41547906
8.56567698
-5.26581067
5.10566124
7.78870903
-0.33639865
0.61471358
-8.14731259
-5.44224910
4.57280792
-8.34261919
-5.86969130
4.22686423
5.07025551
1.52550695
-1.75443008
