0.43129115
2.29757836
-3.22266181
-1.33161166
0.96731961
-1.46856692
0.60313361
2.30113144
-1.39274400
7.19878889
-5.54140130
2.59273328
7.14255566
-6.89080126
5.22922875
7.47356780
-4.85085493
9.43176783
7.65322799
-3.91601081
8.51103384
8.55792470
-3.12092844
4.73491560
4.83661438
-1.01446577
-2.43082445
-3.55177967
1.91141357
-2.14834790
2.74594065
5.87185394
-0.06328789
4.36227497
5.83367040
0.93265322
5.44310131
3.92916716
1.41962893
-3.49916372
-0.72123122
-2.28860331
3.99502380
-8.79831315
9.66112899
-7.00486738
-1.15120024
-0.35370109
-7.35786515
-1.03941112
-0.69399886
-6.79352323
1.33891969
2.36676146
-8.33752463
2.46017147
3.43275948
-9.38382676
-3.28884888
2.02687925
-9.51317773
-2.85274737
2.99372550
2.83144202
0.42968041
-4.09102397
-10.87655470
0.18470322
4.64303711
-10.40264525
3.14766900
5.81246941
